kinematics:
  shoulder:
    x: 0
    y: 0
    z: 0
    roll: 0
    pitch: 0
    yaw: 0
    axis_x: 0
    axis_y: 0
    axis_z: 1

  upper_arm:
    x: 0.2
    y: 0
    z: 0.3585
    roll: -1.570796327
    pitch: 0
    yaw: 0
    axis_x: 0
    axis_y: 0
    axis_z: 1

  forearm:
    x: -0.560
    y: 0
    z: 0
    roll: 0
    pitch: 0
    yaw: 0
    axis_x: 0
    axis_y: 0
    axis_z: 1

  wrist_1:
    x: -0.140
    y: 0
    z: -0.1375
    roll: 1.570796327
    pitch: 0
    yaw: -1.570796327
    axis_x: 1
    axis_y: 0
    axis_z: 0
    
  wrist_2:
    x: 0.650
    y: 0
    z: 0
    roll: 0
    pitch: -1.570796327
    yaw: 0
    axis_x: 0
    axis_y: 1
    axis_z: 0

  wrist_3:
    x: 0
    y: 0
    z: -0.105
    roll: 0
    pitch: 0
    yaw: 0
    axis_x: 0
    axis_y: 0
    axis_z: 1

  hash: calib_9122066269688285636
