kinematics:
  shoulder:
    x: 0
    y: 0
    z: 0
    roll: 0
    pitch: 0
    yaw: 0
  upper_arm:
    x: 0.2
    y: 0.137
    z: 0.3585
    roll: -1.570796327
    pitch: 1.570796327
    yaw: 0
  forearm:
    x: -0.770
    y: 0
    z: 0
    roll: 0
    pitch: 0
    yaw: 0
  wrist_1:
    x: -0.15
    y: 0.162
    z: -0.1375
    roll: 1.570796327
    pitch: 0
    yaw: -1.570796327
  wrist_2:
    x: 0.96
    y: 0
    z: 0
    roll: 0
    pitch: 0
    yaw: 0 
  wrist_3:
    x: -0.9325
    y: 0
    z: 0
    roll: 0
    pitch: 0
    yaw: 0
  hash: calib_9122066269688285636
  # 30 degree = 0.52359876667, 45 degree = -0.7853981635, 60 degree = -1.04719753334, 90 degree = 1.570796327, 120 degree = 2.09439506667, 180 degree = 3.141592653589793
